1675446291879 22.925872802734375 0
1675446291922 22.106204986572266 1
1675446291960 21.28734588623047 2
1675446292002 20.499452590942383 3
1675446292039 19.634302139282227 4
1675446292078 18.81275749206543 5
1675446292116 17.996212005615234 6
1675446292156 17.175119400024414 7
1675446292195 16.369060516357422 8
1675446292235 15.55364990234375 9
1675446292274 14.730266571044922 10
1675446292313 13.939491271972656 11
1675446292354 13.110208511352539 12
1675446292394 12.318275451660156 13
1675446292428 11.52431869506836 14
1675446292466 10.721317291259766 15
1675446292510 9.936188697814941 16
1675446292546 9.165602684020996 17
1675446292583 8.371049880981445 18
1675446292626 7.628125190734863 19
1675446292674 6.9083781242370605 20
1675446292719 6.275440692901611 21
1675446292755 5.708310604095459 22
1675446292794 5.202571392059326 23
1675446292835 4.762897968292236 24
1675446292877 4.291080951690674 25
1675446292927 3.890801429748535 26
1675446292972 3.4125688076019287 27
1675446293010 3.1464741230010986 28
1675446293081 2.9046971797943115 29
1675446293116 2.7194879055023193 30
1675446293146 2.6585443019866943 31
1675446293175 2.5693793296813965 32
1675446293207 2.536008358001709 33
1675446293239 2.509737730026245 34
1675446293269 2.5199713706970215 35
1675446293302 2.4972667694091797 36
1675446293338 2.4854960441589355 37
1675446293373 2.480912208557129 38
1675446293408 2.474228858947754 39
1675446293445 2.495954990386963 40
1675446293481 2.4921627044677734 41
1675446293521 2.4936673641204834 42
1675446293560 2.4942305088043213 43
1675446293599 2.4746930599212646 44
1675446293640 2.511871814727783 45
1675446293679 2.4684855937957764 46
1675446293717 2.472336530685425 47
1675446293757 2.4909632205963135 48
1675446293797 2.480027914047241 49
1675446293838 2.49013090133667 50
1675446293875 2.5155117511749268 51
1675446293911 2.4820199012756348 52
1675446293955 2.48864483833313 53
1675446293992 2.503838539123535 54
1675446294029 2.4858827590942383 55
1675446294066 2.4956986904144287 56
1675446294109 2.471911668777466 57
1675446294157 2.489846706390381 58
1675446294195 2.489664077758789 59
1675446294235 2.468975067138672 60
1675446294274 2.4748001098632812 61
1675446294311 2.491110324859619 62
1675446294350 2.476672887802124 63
1675446294393 2.482853889465332 64
1675446294443 2.4673290252685547 65
1675446294493 2.4863951206207275 66
1675446294532 2.481471538543701 67
1675446294575 2.469575881958008 68
1675446294614 2.4841463565826416 69
1675446294659 2.472968101501465 70
1675446294692 2.4663140773773193 71
1675446294727 2.50864315032959 72
1675446294762 2.484086275100708 73
1675446294797 2.5129988193511963 74
1675446294832 2.4734628200531006 75
1675446294867 2.4979026317596436 76
1675446294902 2.4848830699920654 77
1675446294943 2.4694535732269287 78
1675446294983 2.481327533721924 79
1675446295019 2.4739677906036377 80
1675446295058 2.4780259132385254 81
1675446295095 2.5022106170654297 82
1675446295133 2.4731955528259277 83
1675446295172 2.507887601852417 84
1675446295210 2.478938102722168 85
1675446295249 2.4911348819732666 86
1675446295291 2.479846715927124 87
1675446295339 2.4871420860290527 88
1675446295382 2.480961322784424 89
1675446295425 2.4796154499053955 90
1675446295465 2.472113847732544 91
1675446295507 2.474799633026123 92
1675446295549 2.4695627689361572 93
1675446295596 2.4807920455932617 94
1675446295650 2.5305426120758057 95
1675446295697 2.5604753494262695 96
1675446295742 2.4882395267486572 97
1675446295781 2.4836742877960205 98
1675446295820 2.5136990547180176 99
