1675359904109 22.862140655517578 0
1675359904165 21.98468780517578 1
1675359904214 21.180482864379883 2
1675359904263 20.359413146972656 3
1675359904312 19.520008087158203 4
1675359904371 18.702497482299805 5
1675359904434 17.89712905883789 6
1675359904513 17.101741790771484 7
1675359904565 16.2769832611084 8
1675359904616 15.470352172851562 9
1675359904663 14.664892196655273 10
1675359904713 13.861074447631836 11
1675359904760 13.050335884094238 12
1675359904806 12.241462707519531 13
1675359904851 11.437888145446777 14
1675359904899 10.630802154541016 15
1675359904946 9.875263214111328 16
1675359904991 9.09402084350586 17
1675359905039 8.380941390991211 18
1675359905084 7.667306423187256 19
1675359905127 7.015926837921143 20
1675359905171 6.454514980316162 21
1675359905215 5.927186012268066 22
1675359905261 5.474300861358643 23
1675359905303 4.972051620483398 24
1675359905347 4.529222011566162 25
1675359905388 4.105748653411865 26
1675359905430 3.675837278366089 27
1675359905470 3.2567198276519775 28
1675359905512 3.0097973346710205 29
1675359905552 2.8272013664245605 30
1675359905594 2.763054370880127 31
1675359905636 2.627300262451172 32
1675359905685 2.5431783199310303 33
1675359905732 2.534864902496338 34
1675359905774 2.4995005130767822 35
1675359905821 2.4894018173217773 36
1675359905873 2.4847233295440674 37
1675359905934 2.480070114135742 38
1675359905981 2.473961114883423 39
1675359906023 2.507500171661377 40
1675359906069 2.498480796813965 41
1675359906116 2.4661920070648193 42
1675359906163 2.480205535888672 43
1675359906217 2.472721815109253 44
1675359906317 2.4813716411590576 45
1675359906375 2.4825971126556396 46
1675359906427 2.4758574962615967 47
1675359906481 2.4765126705169678 48
1675359906536 2.4650862216949463 49
1675359906589 2.4919207096099854 50
1675359906643 2.477761745452881 51
1675359906704 2.4862189292907715 52
1675359906756 2.4870336055755615 53
1675359906809 2.470310926437378 54
1675359906862 2.5032238960266113 55
1675359906909 2.515972137451172 56
1675359906965 2.4627318382263184 57
1675359907015 2.4961917400360107 58
1675359907087 2.505427122116089 59
1675359907157 2.53117299079895 60
1675359907207 2.4608280658721924 61
1675359907253 2.484187364578247 62
1675359907297 2.4721195697784424 63
1675359907337 2.467533588409424 64
1675359907381 2.490882396697998 65
1675359907420 2.4949424266815186 66
1675359907460 2.4741079807281494 67
1675359907508 2.4781482219696045 68
1675359907549 2.4797756671905518 69
1675359907587 2.4650564193725586 70
1675359907630 2.466301679611206 71
1675359907673 2.4892377853393555 72
1675359907716 2.476524829864502 73
1675359907755 2.508903741836548 74
1675359907797 2.551730155944824 75
1675359907838 2.5553996562957764 76
1675359907880 2.5003774166107178 77
1675359907919 2.4873318672180176 78
1675359907960 2.5379223823547363 79
1675359908000 2.506833553314209 80
1675359908041 2.4876575469970703 81
1675359908098 2.487471103668213 82
1675359908141 2.471909999847412 83
1675359908184 2.4767298698425293 84
1675359908225 2.4746294021606445 85
1675359908269 2.478947877883911 86
1675359908316 2.4665799140930176 87
1675359908358 2.479301929473877 88
1675359908404 2.475031852722168 89
1675359908450 2.4965598583221436 90
1675359908495 2.4779040813446045 91
1675359908540 2.4651575088500977 92
1675359908587 2.471648693084717 93
1675359908632 2.480691909790039 94
1675359908673 2.4758572578430176 95
1675359908719 2.480259656906128 96
1675359908762 2.4785969257354736 97
1675359908802 2.4762911796569824 98
1675359908849 2.466423511505127 99
