1675307843755 23.026704788208008 0
1675307843792 22.27657127380371 1
1675307843828 21.450172424316406 2
1675307843863 20.464900970458984 3
1675307843900 19.247957229614258 4
1675307843937 17.695899963378906 5
1675307843975 15.815220832824707 6
1675307844017 13.924325942993164 7
1675307844055 11.831210136413574 8
1675307844090 9.5704927444458 9
1675307844125 7.077629566192627 10
1675307844162 5.547816753387451 11
1675307844202 5.102956295013428 12
1675307844239 4.362264633178711 13
1675307844275 3.8162708282470703 14
1675307844312 3.4598822593688965 15
1675307844347 3.180856704711914 16
1675307844384 3.0203940868377686 17
1675307844422 2.8383796215057373 18
1675307844460 2.6953043937683105 19
1675307844495 2.572213888168335 20
1675307844533 2.4728598594665527 21
1675307844577 2.3731868267059326 22
1675307844616 2.3130857944488525 23
1675307844658 2.241521120071411 24
1675307844695 2.194699287414551 25
1675307844734 2.12953782081604 26
1675307844774 2.1018660068511963 27
1675307844811 2.068434715270996 28
1675307844849 2.0453310012817383 29
1675307844886 2.017733097076416 30
1675307844927 2.008366584777832 31
1675307844966 1.990273118019104 32
1675307845009 1.9706993103027344 33
1675307845046 1.9533230066299438 34
1675307845083 1.9641796350479126 35
1675307845120 1.939432978630066 36
1675307845161 1.9383759498596191 37
1675307845198 1.916020154953003 38
1675307845233 1.899306058883667 39
1675307845270 1.8898022174835205 40
1675307845306 1.8849503993988037 41
1675307845342 1.8652552366256714 42
1675307845377 1.865950107574463 43
1675307845414 1.8610002994537354 44
1675307845449 1.8370791673660278 45
1675307845487 1.8485428094863892 46
1675307845523 1.838608980178833 47
1675307845562 1.8286266326904297 48
1675307845601 1.8084099292755127 49
1675307845642 1.8155546188354492 50
1675307845680 1.8052804470062256 51
1675307845716 1.8035825490951538 52
1675307845754 1.7805315256118774 53
1675307845794 1.8099589347839355 54
1675307845829 1.7817929983139038 55
1675307845863 1.7730333805084229 56
1675307845901 1.7628144025802612 57
1675307845938 1.7789407968521118 58
1675307845979 1.7826203107833862 59
1675307846019 1.7698490619659424 60
1675307846057 1.770232915878296 61
1675307846095 1.7489702701568604 62
1675307846130 1.741470456123352 63
1675307846167 1.7301487922668457 64
1675307846203 1.7442222833633423 65
1675307846257 1.7426204681396484 66
1675307846292 1.7174526453018188 67
1675307846328 1.7169567346572876 68
1675307846366 1.7176759243011475 69
1675307846404 1.7461671829223633 70
1675307846446 1.7268458604812622 71
1675307846484 1.723575234413147 72
1675307846525 1.7229540348052979 73
1675307846563 1.7010254859924316 74
1675307846601 1.6922581195831299 75
1675307846642 1.6972671747207642 76
1675307846679 1.6865085363388062 77
1675307846718 1.7051875591278076 78
1675307846758 1.7099655866622925 79
1675307846795 1.7327460050582886 80
1675307846833 1.7052701711654663 81
1675307846872 1.7067071199417114 82
1675307846912 1.682899832725525 83
1675307846951 1.6782540082931519 84
1675307846989 1.6666841506958008 85
1675307847029 1.6711599826812744 86
1675307847068 1.6676385402679443 87
1675307847105 1.7076505422592163 88
1675307847144 1.6661622524261475 89
1675307847179 1.652480959892273 90
1675307847222 1.6735000610351562 91
1675307847260 1.664163589477539 92
1675307847295 1.6524308919906616 93
1675307847331 1.6490825414657593 94
1675307847367 1.642795443534851 95
1675307847402 1.636033296585083 96
1675307847438 1.6354613304138184 97
1675307847474 1.6365113258361816 98
1675307847509 1.6277495622634888 99
