1675307177310 22.933923721313477 0
1675307177356 22.04636001586914 1
1675307177404 21.244279861450195 2
1675307177450 20.41007423400879 3
1675307177488 19.628963470458984 4
1675307177529 18.78974151611328 5
1675307177568 17.979122161865234 6
1675307177602 17.148561477661133 7
1675307177636 16.338300704956055 8
1675307177668 15.51866626739502 9
1675307177702 14.732821464538574 10
1675307177738 13.91847038269043 11
1675307177771 13.143778800964355 12
1675307177808 12.313278198242188 13
1675307177845 11.498230934143066 14
1675307177877 10.70005989074707 15
1675307177911 9.912252426147461 16
1675307177945 9.13072681427002 17
1675307177985 8.427704811096191 18
1675307178019 7.6660990715026855 19
1675307178054 6.98140811920166 20
1675307178088 6.351245403289795 21
1675307178123 5.805583953857422 22
1675307178158 5.234670162200928 23
1675307178189 4.779304027557373 24
1675307178222 4.309962749481201 25
1675307178254 3.870985269546509 26
1675307178288 3.4485092163085938 27
1675307178321 3.1293907165527344 28
1675307178355 2.989957571029663 29
1675307178387 2.766308546066284 30
1675307178420 2.684234142303467 31
1675307178452 2.6239616870880127 32
1675307178486 2.5854060649871826 33
1675307178521 2.5892086029052734 34
1675307178554 2.534388780593872 35
1675307178591 2.531700849533081 36
1675307178625 2.5043535232543945 37
1675307178659 2.505042552947998 38
1675307178696 2.505969762802124 39
1675307178732 2.5086634159088135 40
1675307178767 2.5019965171813965 41
1675307178803 2.4791269302368164 42
1675307178840 2.475125789642334 43
1675307178875 2.512094020843506 44
1675307178908 2.47735333442688 45
1675307178942 2.5235249996185303 46
1675307178977 2.558957576751709 47
1675307179011 2.505934476852417 48
1675307179043 2.510166645050049 49
1675307179080 2.4714062213897705 50
1675307179113 2.4807491302490234 51
1675307179146 2.4710378646850586 52
1675307179178 2.4729175567626953 53
1675307179211 2.4794743061065674 54
1675307179244 2.4769325256347656 55
1675307179279 2.4699230194091797 56
1675307179315 2.4658567905426025 57
1675307179352 2.4673798084259033 58
1675307179386 2.4733831882476807 59
1675307179421 2.4817216396331787 60
1675307179454 2.480962038040161 61
1675307179489 2.476219654083252 62
1675307179522 2.475003480911255 63
1675307179555 2.4639663696289062 64
1675307179588 2.495278835296631 65
1675307179622 2.4839565753936768 66
1675307179654 2.4776711463928223 67
1675307179686 2.4663801193237305 68
1675307179720 2.475952625274658 69
1675307179753 2.475583791732788 70
1675307179786 2.4692800045013428 71
1675307179821 2.5219779014587402 72
1675307179854 2.5294082164764404 73
1675307179886 2.4966585636138916 74
1675307179919 2.513054847717285 75
1675307179952 2.4924261569976807 76
1675307179988 2.4823501110076904 77
1675307180022 2.4728989601135254 78
1675307180054 2.4891631603240967 79
1675307180088 2.47371244430542 80
1675307180120 2.479024887084961 81
1675307180158 2.467521905899048 82
1675307180194 2.474367141723633 83
1675307180230 2.489278554916382 84
1675307180265 2.504878044128418 85
1675307180300 2.4777867794036865 86
1675307180336 2.5012528896331787 87
1675307180372 2.5264732837677 88
1675307180411 2.487154960632324 89
1675307180448 2.471200704574585 90
1675307180484 2.471510171890259 91
1675307180519 2.4758479595184326 92
1675307180556 2.4760022163391113 93
1675307180593 2.4825851917266846 94
1675307180629 2.4789319038391113 95
1675307180664 2.470590114593506 96
1675307180700 2.468648910522461 97
1675307180735 2.4781405925750732 98
1675307180771 2.468485116958618 99
