1675359919799 22.2586612701416 0
1675359919850 21.511302947998047 1
1675359919901 20.624164581298828 2
1675359919954 19.51922035217285 3
1675359920009 18.05398941040039 4
1675359920069 16.245481491088867 5
1675359920133 14.236223220825195 6
1675359920196 12.17015552520752 7
1675359920253 9.762434005737305 8
1675359920313 7.135968208312988 9
1675359920374 5.855259418487549 10
1675359920442 5.336740493774414 11
1675359920505 4.493577003479004 12
1675359920567 4.021603584289551 13
1675359920618 3.683957815170288 14
1675359920668 3.4064414501190186 15
1675359920718 3.1729538440704346 16
1675359920767 2.999802827835083 17
1675359920815 2.8275649547576904 18
1675359920873 2.694582462310791 19
1675359920949 2.6344900131225586 20
1675359921007 2.502591609954834 21
1675359921059 2.4110333919525146 22
1675359921117 2.3416898250579834 23
1675359921228 2.2572007179260254 24
1675359921282 2.199223756790161 25
1675359921337 2.126450777053833 26
1675359921390 2.072173595428467 27
1675359921441 2.041806936264038 28
1675359921490 2.0086870193481445 29
1675359921540 1.9843136072158813 30
1675359921595 1.9754340648651123 31
1675359921645 1.9445216655731201 32
1675359921698 1.9323776960372925 33
1675359921746 1.9188337326049805 34
1675359921811 1.9503390789031982 35
1675359921867 1.9153056144714355 36
1675359921922 1.8817799091339111 37
1675359921983 1.891363263130188 38
1675359922034 1.861046552658081 39
1675359922090 1.8704184293746948 40
1675359922137 1.8617527484893799 41
1675359922186 1.8593499660491943 42
1675359922232 1.823873519897461 43
1675359922283 1.8166077136993408 44
1675359922338 1.8502570390701294 45
1675359922402 1.8115520477294922 46
1675359922463 1.8141262531280518 47
1675359922527 1.8046435117721558 48
1675359922599 1.7952494621276855 49
1675359922659 1.7899683713912964 50
1675359922722 1.810194492340088 51
1675359922792 1.8055174350738525 52
1675359922850 1.7699332237243652 53
1675359922906 1.7804538011550903 54
1675359922969 1.7915011644363403 55
1675359923024 1.7891037464141846 56
1675359923089 1.7606271505355835 57
1675359923148 1.743929386138916 58
1675359923206 1.7354869842529297 59
1675359923266 1.738232135772705 60
1675359923318 1.7465654611587524 61
1675359923371 1.7635722160339355 62
1675359923424 1.7286103963851929 63
1675359923474 1.7394148111343384 64
1675359923525 1.737574577331543 65
1675359923580 1.71027672290802 66
1675359923630 1.7151474952697754 67
1675359923675 1.7056450843811035 68
1675359923721 1.721173882484436 69
1675359923765 1.7025920152664185 70
1675359923808 1.7083462476730347 71
1675359923850 1.7059321403503418 72
1675359923894 1.6934736967086792 73
1675359923939 1.6945915222167969 74
1675359923988 1.6931864023208618 75
1675359924034 1.692455530166626 76
1675359924092 1.6782193183898926 77
1675359924185 1.7024142742156982 78
1675359924243 1.6746220588684082 79
1675359924294 1.68499755859375 80
1675359924346 1.6605663299560547 81
1675359924398 1.6742298603057861 82
1675359924448 1.6866683959960938 83
1675359924499 1.6537721157073975 84
1675359924547 1.6683098077774048 85
1675359924592 1.6590662002563477 86
1675359924642 1.6752326488494873 87
1675359924699 1.667372226715088 88
1675359924753 1.6487776041030884 89
1675359924807 1.6722873449325562 90
1675359924860 1.655271291732788 91
1675359924919 1.6507014036178589 92
1675359924972 1.6743288040161133 93
1675359925026 1.6504919528961182 94
1675359925081 1.665921688079834 95
1675359925135 1.6575441360473633 96
1675359925189 1.6505054235458374 97
1675359925238 1.6228328943252563 98
1675359925287 1.6263282299041748 99
