1675446305933 22.726932525634766 0
1675446305977 22.01806640625 1
1675446306021 21.217042922973633 2
1675446306067 20.221906661987305 3
1675446306112 18.94098663330078 4
1675446306158 17.25457000732422 5
1675446306203 15.05170726776123 6
1675446306251 12.371546745300293 7
1675446306303 9.449624061584473 8
1675446306350 7.057282447814941 9
1675446306400 6.165150165557861 10
1675446306447 5.339143753051758 11
1675446306495 4.4301018714904785 12
1675446306540 3.6283116340637207 13
1675446306585 3.1733477115631104 14
1675446306628 2.9510653018951416 15
1675446306673 2.784184217453003 16
1675446306718 2.6124935150146484 17
1675446306760 2.4992008209228516 18
1675446306805 2.3901455402374268 19
1675446306855 2.3141801357269287 20
1675446306900 2.250845432281494 21
1675446306943 2.206059455871582 22
1675446306987 2.1672275066375732 23
1675446307033 2.1341986656188965 24
1675446307078 2.0992355346679688 25
1675446307124 2.076484203338623 26
1675446307171 2.063319444656372 27
1675446307213 2.0361249446868896 28
1675446307259 2.028427839279175 29
1675446307310 2.038390874862671 30
1675446307365 2.0036895275115967 31
1675446307419 1.9757779836654663 32
1675446307466 1.956745982170105 33
1675446307509 1.9578630924224854 34
1675446307556 1.9324766397476196 35
1675446307600 1.9353803396224976 36
1675446307644 1.917730450630188 37
1675446307689 1.9325785636901855 38
1675446307739 1.8902196884155273 39
1675446307789 1.8911993503570557 40
1675446307840 1.8860247135162354 41
1675446307897 1.8674360513687134 42
1675446307953 1.8806971311569214 43
1675446308001 1.8533613681793213 44
1675446308050 1.8544870615005493 45
1675446308100 1.8391926288604736 46
1675446308147 1.8257596492767334 47
1675446308196 1.8239338397979736 48
1675446308246 1.8233083486557007 49
1675446308296 1.8118642568588257 50
1675446308342 1.8119263648986816 51
1675446308390 1.811287522315979 52
1675446308439 1.8090810775756836 53
1675446308485 1.7883775234222412 54
1675446308536 1.788292646408081 55
1675446308586 1.7768608331680298 56
1675446308630 1.7847814559936523 57
1675446308675 1.769473910331726 58
1675446308719 1.8134398460388184 59
1675446308759 1.7802568674087524 60
1675446308804 1.7672550678253174 61
1675446308844 1.7639493942260742 62
1675446308889 1.7585818767547607 63
1675446308930 1.7872282266616821 64
1675446308973 1.7584011554718018 65
1675446309016 1.7620956897735596 66
1675446309058 1.7409632205963135 67
1675446309098 1.745547890663147 68
1675446309137 1.7288376092910767 69
1675446309176 1.7421311140060425 70
1675446309216 1.724916696548462 71
1675446309256 1.7455523014068604 72
1675446309293 1.717462420463562 73
1675446309331 1.7096073627471924 74
1675446309370 1.720536231994629 75
1675446309409 1.7457629442214966 76
1675446309450 1.738491177558899 77
1675446309489 1.7016818523406982 78
1675446309530 1.6904475688934326 79
1675446309569 1.7061707973480225 80
1675446309607 1.701717495918274 81
1675446309662 1.7059879302978516 82
1675446309724 1.7099976539611816 83
1675446309770 1.7104212045669556 84
1675446309811 1.7009357213974 85
1675446309854 1.695813775062561 86
1675446309899 1.7062687873840332 87
1675446309943 1.6740187406539917 88
1675446309991 1.679089069366455 89
1675446310038 1.66837739944458 90
1675446310082 1.667871356010437 91
1675446310128 1.6615493297576904 92
1675446310173 1.6654613018035889 93
1675446310217 1.6871405839920044 94
1675446310260 1.7210859060287476 95
1675446310306 1.716868281364441 96
1675446310349 1.6720609664916992 97
1675446310394 1.6782716512680054 98
1675446310440 1.6954751014709473 99
